#DECIMAL:

-02
-2
-00000000000000000000000000000000000000000000002
-2.0000000000000000000000000000000000000000000000000000

2
2.0
+2

42
+042

09
9
+9
9.0

73
63

#OCTAL:
01777777777777777777777
0111
00111
07
077

#HEX:
0x49
0x049
0xffffffffffffffff
0xfffFffffffFfffff
0xAa
0xaA

#LIMITS:
18446744073709551615

#FLOATS:
0.02
.02
2e-2
200e-4
0.002e1

100e100
101e100

-4e-4
-04e-4

0123.1
123.1
.000000000000000000000000000000000000000000000001
.000000000000000000000000000000000000000000000002
INF
inf
-INF
-inf
